# Network Traffic Predictions for Next Week
# Format: 5-minute intervals (288 per day)
# Total predictions: 2016
# Values are in MB (megabytes)

43.0 34.9 69.6 42.6 38.5 43.4 40.7 75.8 11.2 26.2 49.3 49.4
39.3 42.4 67.7 19.7 19.6 91.8 53.1 76.7 32.6 59.8 62.5 23.0
31.3 44.5 66.0 63.4 26.3 80.9 23.3 33.6 41.0 43.0 49.8 57.1
51.6 53.8 56.9 42.9 64.9 51.1 61.2 80.8 33.5 60.7 52.1 69.5
66.1 13.7 24.1 86.6 7.5 48.0 44.5 61.4 67.9 -1.1 49.3 50.2
75.3 71.8 59.4 74.0 63.1 86.6 78.3 78.7 124.0 100.1 152.7 102.6
56.9 87.8 87.7 117.3 110.4 116.6 123.0 114.2 146.1 148.2 74.2 57.3
112.9 76.2 106.2 125.8 49.5 117.2 137.6 103.1 95.5 108.1 83.1 98.1
170.9 143.3 79.5 21.2 103.8 105.5 123.9 103.0 106.6 108.7 95.5 139.9
69.9 37.8 54.8 5.7 53.2 71.6 -0.7 28.6 40.8 90.6 35.6 3.9
18.7 51.6 71.7 16.8 32.5 31.3 82.3 78.0 20.1 76.9 45.5 68.7
66.6 30.2 32.0 98.6 60.7 88.6 63.8 77.5 100.1 80.1 115.7 49.5
83.0 68.1 67.3 54.5 15.7 46.5 98.1 33.5 77.3 61.4 85.0 82.1
33.3 6.3 58.7 43.6 62.0 56.3 46.5 79.1 33.3 36.1 75.4 20.2
50.8 74.3 35.7 55.2 55.4 62.5 71.4 30.4 26.8 61.5 41.4 60.7
42.2 75.2 56.4 34.4 58.1 50.1 43.6 59.5 24.7 57.7 87.0 6.3
56.0 30.3 58.3 67.0 -1.6 33.4 47.6 78.5 50.7 30.2 37.5 53.3
24.4 49.3 52.2 51.6 46.8 51.2 61.4 39.6 74.8 45.5 41.1 111.5
36.1 66.7 56.6 22.6 57.4 86.6 68.4 82.5 54.5 77.4 88.8 86.4
105.1 72.4 146.0 71.5 96.9 83.5 83.4 75.6 59.5 96.7 109.3 81.3
109.9 77.9 82.1 84.4 108.6 98.4 111.1 122.1 59.1 64.4 87.7 103.9
100.8 80.3 87.9 91.3 63.1 63.2 91.7 90.1 83.5 143.2 59.6 111.1
38.4 64.4 91.4 46.2 118.8 82.8 74.3 43.9 44.2 77.5 64.2 45.3
96.1 120.8 84.1 88.3 115.7 94.0 109.0 120.2 101.0 147.2 154.7 173.2
174.7 100.1 129.3 124.4 156.0 125.5 135.3 144.6 127.5 178.5 104.1 162.6
172.2 117.0 150.3 157.6 195.7 202.7 169.0 166.8 226.4 224.6 214.2 177.6
158.8 212.0 213.9 185.9 193.4 186.3 159.0 208.7 200.2 174.5 180.8 163.9
170.9 200.7 177.9 183.4 179.5 155.9 224.5 196.1 174.0 196.7 144.9 171.8
234.1 191.2 162.0 179.0 173.8 229.2 202.5 172.9 164.9 185.2 157.4 203.3
194.2 181.3 185.4 169.2 152.4 210.4 200.3 188.2 202.2 171.8 209.8 174.4
168.4 183.2 167.0 161.3 191.5 156.8 197.8 193.9 162.0 185.1 159.7 197.6
212.8 190.3 149.3 179.0 176.7 175.8 170.5 184.3 210.7 233.2 157.6 171.0
169.7 156.7 210.9 202.1 176.9 199.6 146.8 177.5 234.7 193.8 157.1 173.8
174.0 194.7 188.1 160.4 191.2 199.5 151.9 196.4 175.0 167.3 212.5 154.9
169.4 184.5 174.7 185.1 167.3 156.4 220.4 185.7 176.8 185.1 162.4 163.3
182.0 200.8 173.1 155.0 229.1 191.3 154.0 208.7 144.2 167.6 236.2 182.8
189.6 165.0 175.3 231.2 176.2 166.2 163.4 186.5 221.9 202.7 157.6 197.6
165.5 131.6 226.3 208.7 212.9 204.4 192.0 177.0 157.0 238.4 201.1 195.8
173.3 166.5 157.1 183.5 186.8 170.6 149.4 233.8 192.4 168.4 186.6 183.0
144.3 208.2 194.3 186.3 151.6 195.7 184.2 146.3 199.9 191.2 137.2 210.8
158.5 174.5 196.8 169.0 198.7 155.6 205.4 202.4 169.5 182.4 188.3 176.0
208.0 192.7 168.3 169.3 161.8 168.7 208.3 204.6 179.4 213.5 139.6 169.8
205.0 193.7 170.4 155.1 207.2 261.0 182.7 159.3 162.3 187.0 196.5 191.3
174.7 203.8 158.5 184.5 170.6 187.9 202.4 196.4 172.3 169.7 156.7 197.8
181.5 164.8 152.8 229.8 186.7 149.0 174.5 176.3 117.8 147.1 161.6 160.8
149.9 180.6 205.2 193.5 190.1 180.9 164.5 232.5 194.9 177.7 186.4 169.3
150.9 212.3 208.0 187.2 154.8 181.1 168.1 182.8 172.7 183.1 182.7 218.5
153.3 187.1 183.7 146.0 185.6 174.2 163.3 168.9 163.2 200.6 189.3 158.2
183.7 148.9 147.8 252.9 175.7 195.9 205.7 193.3 175.5 124.6 205.2 232.2
196.9 166.4 178.1 181.9 200.5 195.6 176.0 157.3 210.5 154.2 203.2 218.4
211.7 163.2 158.1 187.1 172.2 198.4 196.3 167.0 199.7 161.7 151.3 195.8
177.3 155.8 149.3 208.4 220.9 165.6 186.9 185.9 171.1 197.6 183.3 178.3
160.6 180.6 182.8 187.3 222.9 233.1 185.4 196.7 174.2 144.5 234.7 199.9
179.5 155.9 172.9 163.0 180.5 171.8 181.4 170.8 210.8 159.6 183.8 181.7
177.0 147.3 166.8 215.3 197.1 176.8 213.0 170.9 151.5 187.1 197.9 160.6
156.2 184.4 194.1 166.9 179.7 192.4 163.9 228.4 197.9 201.8 195.6 154.2
165.6 166.6 188.9 178.7 150.9 213.3 210.3 141.0 197.8 145.4 174.1 177.9
167.2 169.7 158.2 220.4 208.5 152.9 203.0 153.0 170.9 199.4 193.1 162.2
167.5 176.1 188.8 157.5 178.0 218.2 189.2 183.0 165.1 195.8 179.5 166.6
150.6 187.5 196.1 164.5 148.8 241.9 171.7 144.0 188.2 166.2 151.9 153.9
197.4 228.3 173.5 179.5 193.4 161.1 182.7 186.4 174.9 207.5 190.0 179.6
190.1 169.3 168.3 195.5 203.2 175.4 175.7 146.6 202.9 234.6 167.4 147.7
199.3 163.0 171.8 177.6 165.3 248.8 215.0 196.4 210.2 175.8 159.6 200.0
190.8 158.7 170.3 183.3 175.5 176.8 188.1 228.9 203.0 201.1 161.5 153.6
181.1 221.8 147.7 141.4 222.0 168.4 176.7 167.4 193.8 238.6 175.9 160.1
193.9 194.6 180.9 182.5 153.9 225.8 226.6 195.0 160.2 172.1 166.4 178.1
186.2 170.3 181.2 209.0 144.1 181.9 199.4 183.5 157.2 157.8 209.1 199.3
190.5 183.5 169.3 157.5 193.6 174.8 175.1 178.3 170.7 199.7 193.6 204.6
222.3 164.5 172.1 198.6 169.6 197.5 183.6 166.6 162.7 144.3 199.5 213.9
154.8 198.2 154.3 191.5 174.2 166.3 180.3 176.7 170.8 199.5 118.9 148.0
183.4 145.3 116.3 154.5 198.3 211.4 206.4 121.2 180.4 236.4 197.4 159.9
152.0 194.9 249.1 203.8 191.2 144.7 213.1 205.6 202.7 178.2 165.8 192.0
173.8 169.2 190.5 199.1 186.7 184.4 161.3 197.3 229.0 186.8 172.4 199.5
154.3 198.9 196.5 157.4 190.9 157.1 182.8 202.1 161.4 197.3 166.1 153.6
225.4 181.8 186.7 197.1 174.9 183.7 138.2 228.7 198.8 196.5 155.8 177.2
167.8 160.8 188.7 198.4 151.3 206.2 148.2 152.5 251.4 158.6 205.6 173.6
188.3 204.9 135.8 199.0 226.3 200.3 189.7 159.1 192.8 219.8 188.3 168.3
146.9 204.9 197.8 175.0 156.4 210.6 144.9 158.8 193.9 207.0 169.9 199.7
159.1 195.2 198.4 180.1 166.5 177.4 169.9 179.0 159.5 192.2 219.5 174.8
145.3 168.2 175.7 170.4 179.6 152.8 245.6 245.9 211.0 163.6 168.2 175.1
165.1 200.7 173.6 169.0 215.6 181.4 166.9 171.3 202.2 191.9 177.3 153.0
211.0 175.7 172.7 165.9 190.3 190.9 171.6 207.3 211.1 161.5 159.2 175.0
169.0 171.4 169.8 190.9 237.4 184.2 175.0 153.1 180.0 169.8 195.8 157.4
163.0 179.9 187.6 120.6 158.3 191.5 181.1 178.9 191.4 215.4 248.7 204.4
177.4 159.8 216.0 173.3 179.0 151.6 192.9 162.4 156.8 201.0 226.2 188.7
177.2 162.9 156.7 231.1 188.8 178.8 170.2 174.7 181.3 145.9 229.4 210.7
170.4 209.4 145.0 204.9 239.5 206.1 152.5 162.8 192.2 165.7 197.3 155.1
163.3 231.3 201.7 179.7 182.9 178.1 165.3 203.9 194.8 171.8 187.3 156.3
177.2 218.3 209.2 172.2 144.2 187.8 186.7 170.5 217.5 218.6 183.6 207.9
152.8 177.1 221.1 186.8 149.9 158.3 183.8 183.3 181.3 175.9 231.7 227.1
193.4 162.6 166.8 172.1 188.4 166.5 161.5 209.1 176.4 195.1 200.7 192.9
203.9 143.6 176.3 218.2 171.5 193.6 184.8 174.3 218.8 175.3 151.8 169.6
191.1 167.3 163.7 210.4 234.8 161.0 172.7 156.1 171.4 227.2 181.8 171.5
197.9 147.8 172.5 195.8 179.5 206.0 177.9 184.3 189.2 149.1 185.8 207.4
145.4 200.4 159.1 187.0 161.6 165.3 174.4 169.5 204.4 209.0 138.3 212.5
179.7 140.7 206.1 173.8 188.1 176.3 162.1 239.0 182.0 201.6 216.6 179.4
152.7 186.5 186.7 176.8 200.2 176.4 202.0 188.1 145.4 209.0 203.0 170.7
217.6 159.2 188.9 222.4 169.8 158.6 179.1 188.7 195.5 182.6 152.1 235.0
200.7 173.3 193.1 170.7 161.3 191.1 187.7 151.8 143.9 217.8 194.0 165.2
177.7 215.6 172.9 176.3 165.8 178.8 176.5 208.7 164.0 183.6 183.1 148.7
186.1 194.3 196.6 191.3 162.7 157.1 158.2 185.6 175.3 176.2 160.5 214.9
175.2 168.2 173.7 178.1 140.4 211.1 188.0 156.4 145.4 181.1 177.3 168.1
181.8 205.6 189.0 205.4 150.1 189.3 212.1 167.2 145.5 161.2 193.7 183.0
186.2 174.0 231.4 242.1 201.8 157.1 153.6 184.8 190.8 189.0 160.5 190.7
175.4 178.7 188.3 203.4 189.5 160.3 151.5 209.8 190.1 179.1 190.4 194.1
169.5 198.9 178.3 156.3 187.5 201.0 148.4 143.6 201.5 173.0 150.1 176.5
175.7 192.7 175.5 163.9 232.0 238.5 197.4 191.3 159.5 182.5 185.4 189.7
161.3 160.8 183.0 188.4 147.2 192.5 221.9 190.8 157.9 166.0 181.7 203.2
201.9 172.3 177.4 175.4 144.8 219.1 210.5 164.4 154.6 158.9 174.8 180.4
192.1 169.6 191.1 200.4 182.5 153.2 161.7 198.4 181.0 137.4 155.2 211.8
190.9 191.7 188.8 205.1 211.3 190.5 146.9 154.2 227.8 184.2 184.3 154.1
195.6 215.5 198.0 152.5 153.0 206.9 186.3 184.6 167.4 193.7 191.6 184.0
142.4 199.8 194.4 187.8 156.0 195.5 203.8 199.4 178.1 158.7 201.3 217.8
172.9 194.0 179.8 149.8 209.5 187.5 171.5 176.7 171.7 201.4 181.2 157.9
175.6 185.7 158.9 217.2 221.0 148.3 175.9 151.3 193.1 222.3 190.5 173.1
218.2 186.8 182.0 153.5 177.8 238.9 199.4 162.0 205.0 153.0 180.3 188.8
175.7 165.6 180.9 166.1 192.2 144.8 215.5 197.6 196.6 149.2 154.5 169.1
173.6 185.6 155.7 163.4 253.7 169.7 156.4 195.8 165.8 156.6 177.4 167.0
201.8 199.0 164.3 220.8 170.0 134.7 188.6 184.9 168.9 154.0 196.0 241.4
193.4 176.8 155.6 177.2 195.8 191.7 163.4 155.7 185.9 187.6 148.5 204.3
239.1 190.4 191.3 146.9 186.6 237.4 200.7 161.8 160.6 200.7 180.8 183.3
180.7 183.1 149.6 205.5 197.2 164.5 179.3 172.2 170.0 202.8 196.8 165.5
225.0 203.7 182.3 191.9 149.6 187.2 201.3 166.6 163.7 179.7 168.4 205.5
159.7 168.3 212.3 179.7 151.8 170.2 189.4 185.8 174.1 163.7 223.3 221.4
187.5 173.8 172.0 161.4 190.7 181.7 166.1 167.3 181.2 189.9 177.5 190.3
246.3 167.4 173.4 173.9 173.6 192.7 189.9 159.9 165.3 171.1 167.0 175.5
154.2 192.2 238.2 170.9 174.7 160.7 200.1 228.5 207.6 163.7 167.4 177.8
155.9 203.3 196.6 167.4 191.7 144.3 158.7 260.8 177.3 185.3 186.0 177.1
229.3 169.9 169.2 183.9 197.0 166.1 169.0 176.3 197.7 193.3 176.9 178.7
167.2 132.6 237.7 218.6 204.9 175.6 181.0 164.6 183.3 187.0 177.9 166.9
198.2 141.9 212.1 201.3 182.8 150.1 154.7 189.6 187.8 198.6 174.8 154.5
241.9 167.2 150.7 162.4 173.9 165.4 140.2 225.7 215.7 163.8 210.5 129.3
191.0 230.9 221.5 145.8 161.2 187.6 160.7 199.4 163.2 126.5 229.0 191.8
201.0 160.7 198.4 165.6 161.0 174.5 200.8 174.8 216.5 162.1 181.1 202.0
174.7 159.8 131.7 209.4 220.8 197.0 167.5 186.4 189.3 206.6 185.2 155.0
208.9 176.8 146.5 187.6 190.2 166.0 153.0 200.1 209.1 167.4 206.3 158.5
153.8 215.4 205.1 169.0 156.8 197.1 234.3 182.8 198.7 177.3 158.9 221.5
184.9 165.7 181.6 168.2 179.3 159.2 205.9 211.1 181.2 186.3 156.1 190.0
209.2 191.2 155.8 164.8 183.7 171.0 163.1 203.3 211.7 186.1 179.9 152.4
178.4 223.6 187.7 171.7 182.2 157.2 206.5 174.5 152.4 205.1 181.3 175.8
156.7 190.8 223.3 174.7 172.8 200.3 156.4 188.4 177.4 189.4 144.5 148.4
215.1 171.5 157.7 205.5 168.0 189.3 184.8 149.7 222.7 208.6 179.2 213.7
151.0 182.2 215.6 196.1 145.2 164.2 194.4 181.8 185.7 164.2 183.3 254.3
178.3 157.1 186.8 172.1 161.8 201.9 177.4 204.9 204.1 179.6 205.7 164.4
191.7 192.6 170.5 136.4 186.1 173.9 155.6 184.6 183.2 202.7 195.5 159.3
179.4 186.9 173.0 219.7 169.3 152.7 189.9 169.0 157.4 162.1 185.6 235.1
191.3 169.3 196.1 161.0 148.3 244.9 205.6 197.3 177.1 177.3 155.9 177.1
191.5 181.3 165.6 201.3 165.6 184.3 230.6 216.3 164.2 155.3 192.1 152.4
210.9 217.3 178.7 184.4 163.3 166.7 192.0 183.8 148.9 146.5 209.2 204.6
161.2 200.4 206.8 169.4 177.3 174.4 176.1 188.0 217.8 160.2 169.0 182.8
150.4 198.9 202.3 185.2 198.4 148.2 191.3 227.5 185.3 160.2 163.0 191.2
207.6 199.7 162.1 180.9 164.8 171.2 189.4 184.0 212.4 200.7 143.6 187.0
197.7 158.2 222.9 180.6 179.6 177.7 153.8 156.9 202.0 154.5 157.6 178.3
171.7 186.2 172.0 152.3 248.7 194.1 169.7 207.0 150.9 161.2 233.8 184.6
178.2 158.2 177.6 248.8 177.6 167.0 181.9 174.9 182.3 177.0 160.9 227.9
230.1 192.2 177.8 173.8 166.3 199.7 197.3 169.0 170.3 172.5 174.7 200.1
179.4 191.0 174.8 146.5 184.6 192.2 169.4 185.2 167.3 169.3 212.8 185.9
162.2 153.6 182.6 198.4 168.2 148.5 239.8 194.6 181.0 169.8 184.3 185.9
171.4 190.1 203.2 167.3 182.8 135.1 194.0 247.3 205.4 157.9 189.6 167.9
173.6 198.4 182.7 173.6 201.4 161.2 189.0 173.0 163.4 197.5 170.5 151.6
163.9 169.9 211.5 193.8 147.6 238.3 189.3 146.5 198.5 153.8 165.0 189.9
168.9 168.3 157.2 192.8 238.0 162.6 176.2 183.7 160.6 224.4 205.4 197.0
192.7 175.8 154.3 204.9 205.7 180.4 170.4 185.7 162.3 178.5 185.4 195.9
172.6 197.3 143.7 182.9 202.1 199.0 150.3 164.3 199.3 186.6 170.7 179.5
189.9 177.3 180.9 176.1 194.5 169.2 145.4 197.0 223.6 146.7 176.1 155.1
176.2 199.9 161.4 190.4 235.1 177.4 191.5 139.8 182.2 242.1 189.3 154.4
205.6 160.9 192.5 176.8 161.3 202.4 202.0 186.7 184.3 169.3 173.2 219.3
192.7 172.6 182.5 136.4 190.1 247.3 195.5 160.3 181.3 166.3 213.0 202.3
